baseMean	log2FoldChange	lfcSE	stat	pvalue	padj
TRINITY_DN7794_c3_g1_i3	30.4540712078133	8.42286271406324	2.44902541551339	3.43927125488714	0.000583282477271343	0.037379660418047
TRINITY_DN12637_c0_g1_i2	38.3038805636257	8.74511154348049	2.28207666555018	3.8320849056016	0.000127061869416307	0.0140952643578017
TRINITY_DN2496_c0_g1_i1	60.5526737332931	9.31482185595461	2.02084721489788	4.60936471955171	4.03901243426586e-06	0.00165436395841209
TRINITY_DN8437_c0_g1_i1	36.7718532363058	8.66384496135441	2.31050909525948	3.74975583482022	0.000177006832427442	0.0177833420937362
TRINITY_DN18109_c0_g1_i3	45.5507906503564	8.92509806404392	2.17360393342974	4.1061289624927	4.02344908856622e-05	0.00644326632611818
TRINITY_DN1373_c0_g1_i20	42.0880171626636	-8.7450793080235	2.22069752936366	-3.93798758830942	8.21678436461734e-05	0.0102602335469816
TRINITY_DN9426_c0_g1_i20	49.7628859756244	9.13460463644942	2.12059380187727	4.30756924233341	1.6505843325843e-05	0.003700610073654
TRINITY_DN6665_c0_g1_i1	34.9795545456682	8.30966515681404	2.35288800902227	3.53168749424121	0.00041291701951624	0.0291070929210356
TRINITY_DN1556_c0_g1_i1	38.1880038691459	8.29346757096778	2.29612223755511	3.61194514617767	0.0003039088600406	0.0234957982951605
TRINITY_DN1473_c3_g1_i11	38.340959055697	8.68133527112535	2.28288194815471	3.80279640747198	0.000143071929562349	0.0152364451387424
TRINITY_DN993_c0_g2_i1	38.1634051942349	8.68321035649269	2.28582805412446	3.79871545492016	0.000145447959168973	0.0153177095245234
TRINITY_DN4645_c1_g1_i6	38.7869838387805	8.74613835255701	2.27404993788482	3.84606257182378	0.000120031122388665	0.0133850412343255
TRINITY_DN8884_c0_g1_i1	35.5371757643749	8.61314745158892	2.33451519098523	3.68948014767638	0.00022471276184442	0.0199939226069242
TRINITY_DN4232_c0_g1_i14	70.4343737675969	9.62078045838535	1.95001717370326	4.93369011725912	8.06904245599159e-07	0.00066575666499637
TRINITY_DN7130_c0_g1_i1	51.6578596247627	8.69818096514628	2.11328410006322	4.11595438818948	3.85580558411267e-05	0.0062215759951527
TRINITY_DN1447_c0_g1_i38	65.4250652357684	9.11150194754359	1.9929927631224	4.57176870691125	4.83624597816357e-06	0.00180714391384045
TRINITY_DN100883_c0_g1_i1	34.2818189169801	8.52715947447203	2.36113290341428	3.61146950353429	0.000304466891847707	0.0234957982951605
TRINITY_DN2779_c0_g1_i9	230.444865017902	2.61301798661528	0.710894407676213	3.67567666646411	0.000237219813381711	0.0203731645371656
TRINITY_DN3844_c0_g1_i13	61.7218010850582	-9.37307228532138	2.00952359010243	-4.66432558019567	3.09630825493642e-06	0.00146551710048646
TRINITY_DN1095_c0_g1_i4	30.3549545893503	8.42181335285748	2.45159206506728	3.43524254008644	0.000592023709504019	0.0375979656317094
TRINITY_DN16395_c0_g1_i1	46.3932819072919	9.02023810858516	2.16120615640307	4.17370554024226	2.99685042239512e-05	0.00518942415825966
TRINITY_DN682_c0_g1_i5	52.5338710337317	9.17981149131607	2.0908631511973	4.39044108939383	1.1312095982488e-05	0.0030498269915318
TRINITY_DN1765_c0_g1_i2	79.7627328420505	9.81819469125137	1.89849305939477	5.17157260210441	2.32132046444431e-07	0.000390188331226517
TRINITY_DN782_c0_g1_i11	28.7238106435674	8.34279964388691	2.49611239021622	3.34231730774119	0.000830820263395891	0.045457473755506
TRINITY_DN793_c0_g1_i58	49.4817106389082	-9.04426511825747	2.12420224702486	-4.25772316686172	2.06519461658031e-05	0.00418919810843277
TRINITY_DN109346_c0_g1_i1	44.4070302385848	8.94125105603081	2.18774519993258	4.0869709399003	4.3704183719258e-05	0.00679596262630844
TRINITY_DN1289_c0_g1_i5	65.8201379268569	-9.43974125729759	1.97939190884933	-4.76901073258662	1.85132798168081e-06	0.00103679746919104
TRINITY_DN4645_c1_g1_i7	36.9740057726789	8.33873823727304	2.31512623305844	3.60185035191666	0.000315960239175857	0.0242947188960527
TRINITY_DN1736_c0_g1_i7	35.1777877825942	8.38964760691685	2.34676939987546	3.57497741676795	0.000350258128076251	0.0261432675105466
TRINITY_DN3295_c0_g1_i2	40.3229304655475	8.5680151856842	2.2540858823305	3.801104142858	0.000144052736367548	0.015264573292997
TRINITY_DN88_c1_g1_i23	36.0491579732972	8.57423602680522	2.3257276420029	3.6866896501351	0.000227190144976645	0.0200203897635
TRINITY_DN98858_c0_g1_i1	29.5413422661825	8.32779514204221	2.47468301374945	3.36519671237592	0.000764891057556124	0.0435359840614505
TRINITY_DN6967_c0_g1_i3	44.3883692616602	-8.87683518902821	2.18793156827715	-4.05718136605988	4.96685114463214e-05	0.00744992693869859
TRINITY_DN140_c0_g1_i4	33.286733432903	8.55040068482612	2.38128718631225	3.59066337482275	0.000329837405500856	0.0250900246420097
TRINITY_DN16384_c0_g1_i1	50.9932831886987	9.10120294647388	2.10866377802475	4.31609962731908	1.58810324909227e-05	0.00359840543642725
TRINITY_DN2038_c0_g1_i25	65.8008523341565	9.15771098889662	1.98919326752592	4.6037311398538	4.14988140890814e-06	0.0016677042288365
TRINITY_DN7881_c1_g1_i5	71.1434666284278	-9.23906770909935	1.95030941897095	-4.7372317537051	2.16657352267186e-06	0.0011536462364847
TRINITY_DN2365_c0_g1_i12	41.4050137103368	8.85212973011085	2.23109172244114	3.96762250564281	7.2593198833981e-05	0.00921111271782022
TRINITY_DN644_c0_g1_i2	34.9838348045247	8.58371257004428	2.34586835461064	3.65907684170494	0.000253125439178981	0.020977893887444
TRINITY_DN104797_c0_g1_i1	35.0376733726128	8.62295360484969	2.34358529876563	3.67938543111335	0.000233796692616768	0.0202424217725388
TRINITY_DN493_c0_g1_i14	52.2072812851657	9.11024255695987	2.09639959830929	4.34566127770064	1.38856703746062e-05	0.00343054847750561
TRINITY_DN7721_c0_g2_i1	30.5489075674198	8.38125167035672	2.44789770245574	3.42385699449311	0.000617391007654359	0.0386836719495123
TRINITY_DN8494_c0_g1_i19	49.1061481384547	9.02578708322668	2.13013541519638	4.23718934431901	2.26335258867985e-05	0.00434298619696326
TRINITY_DN1545_c0_g1_i7	40.426327342867	8.80006451209504	2.24689379093293	3.91654672223789	8.98264134432575e-05	0.0108091117510053
TRINITY_DN18468_c0_g1_i2	36.0987162825287	8.58420630296037	2.32458406555767	3.69279237096595	0.000221805109772508	0.0198934660335504
TRINITY_DN35867_c0_g1_i9	64.9794014120944	9.46421478750289	1.98663428587335	4.76394415157406	1.89845069244802e-06	0.00103679746919104
TRINITY_DN11234_c0_g1_i6	40.7564754314707	8.49005601424852	2.24967608246652	3.77390153205528	0.00016071421564956	0.0165364834740096
TRINITY_DN6283_c0_g1_i7	55.2424570060379	9.26063698598381	2.06499499876654	4.48458083022736	7.30574084527768e-06	0.00231322584082802
TRINITY_DN4655_c0_g1_i16	395.380595918888	2.63153296467057	0.714830583487861	3.68133796378797	0.000232013220405947	0.0202424217725388
TRINITY_DN16432_c0_g1_i25	36.8791694130725	8.62354793488162	2.30947703134467	3.73398298309148	0.000188475234124901	0.0184143762001205
TRINITY_DN38_c0_g3_i1	29.57022119995	8.29309472367511	2.47468978651226	3.35116537388838	0.00080472229896204	0.0451046848568223
TRINITY_DN3377_c0_g1_i6	571.531717711246	-3.43584834666708	0.554900875351446	-6.19182361983298	5.94720815845286e-10	3.16673966417219e-06
TRINITY_DN679_c6_g1_i2	28.7651693944953	8.3367336694453	2.49482835359991	3.34160610986156	0.000832951719861919	0.045457473755506
TRINITY_DN5809_c0_g1_i74	43.2753886845641	8.63413737348901	2.21024207900186	3.9064215886199	9.36730212413964e-05	0.0110228822067431
TRINITY_DN3835_c2_g1_i9	79.3100534349136	5.1979173215122	1.5233864988838	3.41208047026856	0.00064469078659419	0.0396857487389296
TRINITY_DN3356_c0_g1_i12	32.5226794189666	8.39486396864721	2.40142423081841	3.49578548467725	0.000472668525466591	0.0323709547392699
TRINITY_DN993_c0_g1_i16	33.5302447202039	8.44891776558525	2.37842042819533	3.55232307350977	0.000381845712552492	0.0277574465244216
TRINITY_DN287_c0_g1_i14	34.6342011161874	-8.50011235676295	2.35213317395618	-3.6137887305361	0.00030175497421051	0.0234564934149987
TRINITY_DN173_c0_g1_i4	38.8162237319575	8.58793950994037	2.27489952007283	3.7750852000995	0.000159952983764485	0.0165364834740096
TRINITY_DN16015_c0_g1_i1	39.2412081801676	8.76011325237348	2.26635875809731	3.86528091418673	0.000110961413525961	0.0126383269876441
TRINITY_DN10746_c0_g1_i2	52.000848489936	9.13310937447729	2.09791125548767	4.35342979860902	1.34024026211065e-05	0.00336973112682966
TRINITY_DN98568_c3_g1_i1	12283.9892311017	-1.25384207346012	0.251497108210132	-4.98551288475455	6.17976606115017e-07	0.000572273205810598
TRINITY_DN2990_c0_g1_i7	31.5728719852645	8.21346153646328	2.42755841406803	3.38342488026865	0.000715877883686292	0.0425856278637051
TRINITY_DN9446_c0_g1_i1	45.8645396223528	8.83280847560381	2.17190783684038	4.06684313476831	4.76542971744898e-05	0.00724992053942469
TRINITY_DN117103_c0_g1_i1	29.7602548785724	8.38513443763255	2.46769926046836	3.39795637659716	0.000678912449488175	0.0411970263864634
TRINITY_DN5797_c0_g1_i11	38.861140822923	8.50096625577395	2.27882156195281	3.73042207327946	0.000191159263004748	0.0185068233760824
TRINITY_DN6598_c0_g1_i1	593.006419351571	3.84882418162843	0.489113543378329	7.86897895945475	3.57547295184449e-15	7.61539984013358e-11
TRINITY_DN9183_c0_g1_i1	66.6765027837161	9.46356831970863	1.97581246511571	4.78970979624547	1.67022690780375e-06	0.001001629616278
TRINITY_DN2394_c1_g1_i6	79.3455869927346	9.80525175552777	1.90089972930867	5.1582161880226	2.49313658026735e-07	0.000390188331226517
TRINITY_DN12630_c0_g1_i1	32.1386927622749	8.43920812862704	2.40903708963914	3.50314578589206	0.000459797736746628	0.0316933074270758
TRINITY_DN2002_c0_g1_i2	30.0244455413372	8.30967276543035	2.4626311742343	3.37430665719322	0.000740018796237736	0.0428305987529009
TRINITY_DN13033_c0_g1_i5	34.1253053903913	8.2263517128482	2.36839228415977	3.47339069117372	0.000513926655220767	0.0342066369673348
TRINITY_DN752_c0_g1_i5	31.7504258467266	8.19831819676394	2.42392211291557	3.38225314793747	0.000718938596715235	0.0425856278637051
TRINITY_DN565_c1_g1_i2	41.4756123544416	8.54010856193687	2.23433141639557	3.82222104530661	0.000132255052938394	0.0144456429360762
TRINITY_DN8308_c0_g1_i1	30.7432215048986	8.35386163843665	2.44237069662947	3.4203905451229	0.000625312935372462	0.0388295632959128
TRINITY_DN3032_c0_g1_i1	43.1391935740298	8.77142511653446	2.20843062694139	3.97179110338757	7.13342611437435e-05	0.00920817229151875
TRINITY_DN3970_c0_g1_i9	36.3753867624538	8.60064380001434	2.31911339057807	3.70859132414845	0.000208415492685901	0.0193001807770305
TRINITY_DN15504_c0_g1_i1	70.3803758577631	-9.34760219648209	1.95248964418654	-4.78752971843626	1.68846741017536e-06	0.001001629616278
TRINITY_DN17340_c0_g1_i18	32.9975831358177	8.46036571616254	2.38953807580706	3.5405862755734	0.000399239081262982	0.0286309535078123
TRINITY_DN17556_c0_g1_i1	43.5520591644891	8.65578246753239	2.20594535744823	3.92384264565154	8.71476685300032e-05	0.0106066182401174
TRINITY_DN2569_c0_g1_i4	32.1055335696507	8.16364584505914	2.41696723762078	3.37764025841546	0.000731106574938418	0.0428305987529009
TRINITY_DN3547_c1_g1_i3	65.3797871853935	9.34127098789367	1.98688812290642	4.70145796343542	2.5831044631789e-06	0.00125039868093744
TRINITY_DN90_c1_g1_i4	29.6486584429491	8.26197050477332	2.47335982077737	3.34038356868618	0.00083662752768479	0.045457473755506
TRINITY_DN108273_c0_g1_i1	33.9185116357522	8.57214559117742	2.36755720301904	3.62067095158101	0.000293840024499033	0.0230940910767709
TRINITY_DN9055_c5_g1_i18	1977.33814015071	-1.55682144846292	0.368659685610965	-4.22292295367978	2.4115427501299e-05	0.0045454379677006
TRINITY_DN7393_c0_g1_i1	39.7738697645539	8.76093693091628	2.25786459356113	3.88018703862947	0.000104376169088594	0.0120821088337933
TRINITY_DN779_c0_g1_i22	39.2330086218639	8.78815494217168	2.26582433227464	3.87856852669128	0.000105072929715921	0.0120970180001049
TRINITY_DN7332_c0_g1_i4	31.4409571335867	8.47547421881556	2.42393220015743	3.49658056370764	0.000471262168579539	0.0323709547392699
TRINITY_DN726_c0_g1_i4	75.7820299463327	9.74436031189777	1.91880210943501	5.07835605557417	3.80714712021901e-07	0.000393511460209483
TRINITY_DN4320_c2_g1_i8	58.3305393872717	-5.61855491184572	1.63734089238669	-3.43151199482703	0.000600226585769277	0.0378996165624182
TRINITY_DN2128_c0_g1_i7	55.8371567168159	9.29829587388497	2.05892278325238	4.51609742216602	6.29896942122623e-06	0.00219937294594586
TRINITY_DN29262_c0_g1_i1	33.0760203788168	8.43444394428272	2.38842396108124	3.53138474647711	0.000413389969803736	0.0291070929210356
TRINITY_DN11720_c0_g1_i2	35.6983305092296	8.65853398295689	2.3300673087117	3.71600165822858	0.000202400253737919	0.0189075570366839
TRINITY_DN21521_c0_g1_i1	37.0153645236068	8.51415946254528	2.30963013945965	3.68637355266641	0.000227472384748909	0.0200203897635
TRINITY_DN76264_c0_g1_i1	216.64873267126	3.92587332744373	1.07459369981306	3.65335598759482	0.000258834986092516	0.0212076178641257
TRINITY_DN16224_c0_g1_i1	29.7477750614121	8.28895578455409	2.47017896640803	3.35560941019887	0.000791903254690676	0.0445190812841021
TRINITY_DN1804_c1_g1_i20	1733.4510254372	-2.22882681337404	0.499296888998839	-4.46393090460299	8.04695235903744e-06	0.00241397237035406
TRINITY_DN5291_c0_g2_i24	51.5879828994767	9.1628803316775	2.10131934806564	4.36053679328293	1.2974376255453e-05	0.00334980768582193
TRINITY_DN11251_c0_g1_i2	40.0091814935511	8.70306491197707	2.25548484014828	3.85862265933248	0.000114027835017445	0.0129185045640243
TRINITY_DN29419_c0_g1_i6	62.2872145563955	9.45634590366326	2.00505343205667	4.71625631141583	2.40223778489641e-06	0.00122286188917976
TRINITY_DN3104_c0_g1_i17	37.0856022083022	8.58571589373556	2.30665317118367	3.72215294479219	0.000197531308031128	0.0186987525766889
TRINITY_DN1571_c2_g1_i11	36.3589876458465	8.68142512265283	2.31755341312991	3.74594392235748	0.00017971673718886	0.0179432318596275
TRINITY_DN2782_c0_g1_i5	30.6729838202032	8.39633941112702	2.44365441480456	3.4359766095643	0.000590421944745928	0.0375979656317094
TRINITY_DN11234_c0_g1_i2	28.5876155330332	8.32296759419472	2.49992402567607	3.32928821384637	0.000870682538025079	0.0471140652792985
TRINITY_DN26743_c0_g1_i5	52.8187410719605	9.21066171171171	2.08779882429524	4.41166150901578	1.02580393378949e-05	0.00280110230586954
TRINITY_DN11683_c0_g1_i2	55.9733518273502	9.27941451919697	2.05823001773912	4.50844387615629	6.53048387886313e-06	0.00224343187315977
TRINITY_DN83943_c0_g1_i4	173.62875782274	6.33760290074649	1.13497414241319	5.58391831488906	2.35159188725053e-08	5.56517284517212e-05
TRINITY_DN21714_c0_g1_i1	28.7320102018711	8.30911691834308	2.49671801292751	3.3280157692299	0.000874669153069591	0.0471634893448841
TRINITY_DN989_c0_g1_i6	29.392667338488	8.29633909816961	2.4792709554598	3.34628172846521	0.000819031336298829	0.045457473755506
TRINITY_DN9542_c1_g1_i1	60.8995818979136	9.35554545923867	2.01737418063688	4.63748646584003	3.52671695439102e-06	0.00150330179372389
TRINITY_DN14959_c1_g1_i32	83.3753741704626	5.15920479982438	1.50943632127191	3.41796783813778	0.000630905616897832	0.0390629614369387
TRINITY_DN10564_c0_g1_i12	42.0102627043812	-8.83210851163341	2.22095345331807	-3.97671932225252	6.98725550840242e-05	0.0091301567529732
TRINITY_DN30662_c0_g1_i1	29.7395755031084	8.36227805817421	2.46875877963353	3.38723982559994	0.000705996435936219	0.0422388148567571
TRINITY_DN13466_c0_g1_i1	48.6437242387638	9.06119996132891	2.13440935377279	4.24529621991785	2.18304830186784e-05	0.00426575649371405
TRINITY_DN71_c0_g1_i5	38.3077998630728	8.45246509086315	2.28925600973184	3.69223234750981	0.000222294235221607	0.0198934660335504
TRINITY_DN13529_c0_g1_i15	28.3893822961072	8.32377210710475	2.50561111060719	3.32205268082789	0.000893578210971708	0.0477000559285374
TRINITY_DN2622_c0_g1_i13	56.778403632805	9.17062818487514	2.05387777457388	4.46503112230122	8.00571136064662e-06	0.00241397237035406
TRINITY_DN21508_c0_g1_i16	30.5157483747956	8.1166178116168	2.45545495922603	3.30554538625102	0.000947917504810802	0.0496661673102702
TRINITY_DN6955_c0_g1_i2	65.057477695684	8.89062845844063	2.0032309897285	4.43814442968736	9.07377274129031e-06	0.0026480107292554
TRINITY_DN8550_c0_g1_i1	68.9807836832761	9.571011405329	1.95949215970039	4.88443465208477	1.03726035614364e-06	0.000736420277516782
TRINITY_DN1815_c0_g1_i2	29.669337818413	8.31599678790639	2.47160671003745	3.36461167310085	0.000766514579231135	0.0435359840614505
TRINITY_DN1473_c3_g1_i4	58.8833523495612	6.74330281915618	1.71263533063082	3.93738392438301	8.23747563986036e-05	0.0102602335469816
TRINITY_DN75648_c0_g1_i1	178.251711734954	6.44601196994702	1.00568117864345	6.40959789924872	1.45903933627895e-10	1.03586929411352e-06
TRINITY_DN2362_c0_g1_i5	30.8419771639522	8.17087276161508	2.44596677746889	3.34054936349969	0.000836128152946207	0.045457473755506
TRINITY_DN12473_c0_g1_i10	43.0154782806558	8.91427643865278	2.2068754706685	4.03932009627734	5.36063663933815e-05	0.00787422067456988
TRINITY_DN11078_c0_g1_i6	62.7492774966769	9.08891467540499	2.0111041906127	4.51936539033116	6.20252684671259e-06	0.00219937294594586
TRINITY_DN1447_c0_g1_i28	36.7386940436817	8.49306530886311	2.31508860259663	3.66857030842673	0.000243910621245546	0.0207205807333793
TRINITY_DN90_c1_g1_i1	53.9742593820735	7.41145167278943	2.04035668845324	3.63242942507662	0.000280765378622043	0.022481284959665
TRINITY_DN90_c1_g1_i3	45.6128287767482	8.99363238208241	2.1713079066452	4.14203455647988	3.44238460406237e-05	0.00568367051797864
TRINITY_DN12521_c0_g1_i1	50.0598748716039	8.82922091842517	2.12508698558644	4.15475741854805	3.25632830009184e-05	0.00546114460343749
TRINITY_DN2510_c0_g2_i2	48.358854200535	9.08004177051511	2.13714034293489	4.2486876449329	2.15026490377522e-05	0.00426575649371405
TRINITY_DN12706_c0_g1_i2	51.2574738514636	9.01934441783423	2.10786948688305	4.27889130421036	1.87826553028887e-05	0.00389117529523729
TRINITY_DN5410_c0_g1_i10	39.381322590149	8.03040284502906	2.28844127294459	3.50911467118234	0.000449601014786969	0.0311333367750391
TRINITY_DN6834_c0_g1_i29	67.1763661348876	9.56419760666198	1.97041917735925	4.8538898304268	1.21063008901695e-06	0.00083178097632168
TRINITY_DN1670_c0_g1_i24	66.747101427821	9.54747558392707	1.97298564294896	4.83910038476344	1.30428159677843e-06	0.000841814961508602
TRINITY_DN336_c0_g1_i17	38.5680712263906	8.68785195749136	2.27895316354609	3.81221171916184	0.000137728821859359	0.0148155867514267
TRINITY_DN493_c0_g1_i11	29.3555888464167	8.37006280740772	2.47857035721716	3.37697204480623	0.000732884982466675	0.0428305987529009
TRINITY_DN5985_c0_g1_i3	29.1077973002592	8.34124834661722	2.48583527870108	3.35551129155096	0.000792184224924865	0.0445190812841021
TRINITY_DN27990_c0_g1_i4	84.1992696012582	-8.36461292928103	1.7108920175603	-4.88903615390575	1.01330886279501e-06	0.000736420277516782
TRINITY_DN5835_c0_g1_i1	28.5048980311775	8.29960174932639	2.50318496624649	3.31561664888536	0.000914411697821155	0.0483276792850938
TRINITY_DN12414_c1_g1_i4	30.606665434955	8.30765657966014	2.44813687708857	3.39346082214976	0.000690154298751408	0.0416419161731055
TRINITY_DN27659_c0_g1_i1	35.9707207302982	8.59587114650895	2.32671350550675	3.69442611914388	0.000220383958106233	0.0198934660335504
TRINITY_DN1447_c0_g1_i22	49.1061481384547	9.02578708322668	2.13013541519638	4.23718934431901	2.26335258867985e-05	0.00434298619696326
TRINITY_DN90_c1_g1_i5	58.1578367329832	9.3532032208467	2.03844410469877	4.58840308610221	4.46649575929179e-06	0.00172705062424246
TRINITY_DN377_c0_g1_i4	32.3494058163611	8.51658930381016	2.40218309096067	3.54535394735638	0.000392086206415199	0.028404911940263
TRINITY_DN644_c0_g1_i5	55.3911319337324	9.27177267572057	2.06343821053327	4.4933609489205	7.01078053045113e-06	0.00231322584082802
TRINITY_DN2038_c1_g1_i1	31.0156117259672	8.45483919773551	2.4347817453148	3.47252447329415	0.000515588001489816	0.0342103079243975
TRINITY_DN1863_c0_g1_i19	37.6760216602236	8.45480714958288	2.29977397032882	3.67636439870395	0.000236581518565591	0.0203731645371656
TRINITY_DN2510_c0_g1_i10	30.309315579566	8.21084098675198	2.45786746081625	3.34063618874925	0.000835866745220874	0.045457473755506
TRINITY_DN16305_c0_g1_i2	29.0789183664916	8.35496416107284	2.48627403206466	3.36043575781334	0.000778196262836715	0.0439649925786716
TRINITY_DN10730_c0_g1_i1	60.4164786227588	9.3628354620407	2.02079044575246	4.63325402281104	3.59962399548892e-06	0.00150330179372389
TRINITY_DN22802_c0_g1_i1	42.8832024695686	8.80193105647592	2.21121290677573	3.98058958027268	6.8744552169073e-05	0.00903821121388325
TRINITY_DN6978_c0_g1_i10	30.4911496998846	8.41964995905862	2.44846468218699	3.43874674620102	0.00058441367760034	0.037379660418047
TRINITY_DN5341_c0_g1_i3	306.561669846602	-4.27219368338075	0.704977354238011	-6.06004385488161	1.36084440220055e-09	5.79692498449389e-06
TRINITY_DN6524_c0_g1_i16	47.5124436441525	9.07029638104945	2.14673144718626	4.22516584127837	2.38764877719019e-05	0.00454058315226552
TRINITY_DN1469_c0_g1_i14	43.7584919597188	8.57359651500774	2.20549560159903	3.88737865030957	0.000101332617902212	0.011793898517482
TRINITY_DN14_c0_g1_i18	28.7733689527989	8.3464930265671	2.49464601685894	3.34576247297657	0.000820566554997629	0.045457473755506
TRINITY_DN13049_c0_g1_i10	28.9880013063323	8.28991050849454	2.49020002429531	3.32901390555582	0.000871540528665365	0.0471140652792985
TRINITY_DN13413_c0_g1_i8	30.4437539785797	-8.36667754540588	2.44889782002096	-3.41650740876329	0.000634299378326552	0.0391592535042819
TRINITY_DN29271_c0_g1_i23	66.4659243950493	-8.09391595853582	1.93767432331281	-4.17712918066529	2.95211384256553e-05	0.00517944956622459
TRINITY_DN2470_c0_g1_i1	168.134337984668	6.93189455444121	1.07189170764447	6.4669728341069	9.99856155802741e-11	1.03586929411352e-06
TRINITY_DN1396_c0_g1_i1	52.8062612548002	9.22334872689257	2.08779083229427	4.41775516216682	9.97313008164516e-06	0.00277727091471861
TRINITY_DN14959_c1_g1_i27	53.7936545524094	-8.62575677147354	2.09387282820378	-4.11952275959048	3.79657924278723e-05	0.00617277414443704
TRINITY_DN1736_c0_g1_i14	34.4800521539061	8.56090516376362	2.35637287335861	3.63308594346595	0.000280051687223789	0.022481284959665
TRINITY_DN2992_c0_g1_i9	29.8222930049641	8.38594744959173	2.46567618735668	3.40107411208033	0.000671216276542275	0.0408463870687826
TRINITY_DN13344_c0_g1_i1	34.8351598768302	8.55977730142023	2.34933525237298	3.6434890647362	0.000268967084434793	0.0216997345885479
TRINITY_DN88138_c0_g1_i6	37.0649228328382	8.52856562278905	2.30839211422251	3.6945913868977	0.000220240673431074	0.0198934660335504
TRINITY_DN18195_c0_g1_i1	33.6789196478984	8.48276685710186	2.37453741185956	3.5723871162168	0.000353741980354935	0.0262520921239713
TRINITY_DN2751_c1_g2_i5	31.6060311778886	8.44073253772376	2.42123243638812	3.48613062127783	0.000490061651614537	0.0331359464055175
TRINITY_DN9803_c0_g1_i1	44.7125796522775	8.9368341132902	2.18390301336869	4.09213873445097	4.27412800921266e-05	0.00674330759023856
TRINITY_DN13456_c0_g1_i4	32.0602555192758	8.45750387639787	2.41040132632213	3.50875341132616	0.000450212109803842	0.0311333367750391
TRINITY_DN493_c0_g1_i10	57.7613702591312	9.32842394509124	2.0422228063153	4.56777973306553	4.92917613348865e-06	0.0018101124563306
TRINITY_DN205_c7_g1_i11	87.632692591165	-4.91158799871551	1.41232054413921	-3.47767227425629	0.000505787912870231	0.0339835228902935
TRINITY_DN2128_c0_g1_i8	78.9943985692576	9.74195674038423	1.90396623948325	5.11666464371148	3.10985830471583e-07	0.000390188331226517
TRINITY_DN108250_c0_g1_i1	46.22820786299	9.03106632489772	2.16261064246963	4.17600197998867	2.9667723699676e-05	0.00517944956622459
TRINITY_DN8979_c0_g1_i3	38.271082330411	8.66404695092983	2.2829786997287	3.79506254349173	0.000147606241850896	0.0154111046332463
TRINITY_DN336_c0_g1_i6	35.1781487420036	8.57639935753047	2.34114951955239	3.6633283290553	0.000248959090776325	0.0209588129424702
TRINITY_DN1667_c0_g1_i5	54.9372685517547	9.17206833856273	2.06803223252469	4.43516701253989	9.20009361777078e-06	0.0026480107292554
TRINITY_DN21885_c0_g1_i1	49.7999644676956	9.10757290269926	2.12088597714666	4.29423033620701	1.75300406239267e-05	0.00375940812041788
TRINITY_DN1838_c1_g2_i1	42.3630207023426	8.88373215784222	2.21663147419475	4.0077623462734	6.12967549188589e-05	0.00836897168600497
TRINITY_DN332_c0_g2_i2	45.2085237040019	8.78729846262202	2.17861727785274	4.03342916259383	5.49687563369999e-05	0.0079521430363671
TRINITY_DN2876_c0_g1_i4	29.3442097502563	-8.20163754644549	2.47952905546668	-3.30774004376482	0.000940520694251591	0.0494620994243571
TRINITY_DN10685_c0_g1_i2	54.0366584678746	9.215103148648	2.07681715350969	4.43712781025284	9.11671668740955e-06	0.0026480107292554
TRINITY_DN4168_c0_g1_i8	76.2226954688299	-4.85323439056217	1.45170620039675	-3.34312437959953	0.000828407602336869	0.045457473755506
TRINITY_DN1883_c0_g1_i20	42.0407112126331	8.57403934566792	2.22889179407553	3.84677235945595	0.000119684073252884	0.0133850412343255
TRINITY_DN4842_c0_g1_i1	36.309429336615	8.67793644950465	2.31855692803933	3.74281793324052	0.00018196807745338	0.0179432318596275
TRINITY_DN8494_c0_g1_i43	36.3051490777584	8.54280927753605	2.32171692752212	3.67952232947427	0.000233671229444561	0.0202424217725388
TRINITY_DN424_c0_g1_i20	62.4947200072952	-8.74129156391406	2.01653038484115	-4.33481767972599	1.45880978000134e-05	0.00353081698911915
TRINITY_DN6357_c0_g1_i1	32.2998475071296	8.51395678426188	2.40358708894351	3.54218776736905	0.000396822896603798	0.0285538205228523
TRINITY_DN2093_c0_g1_i6	40.4942166167079	6.67881659746154	2.00971824821317	3.32326016514984	0.000889718930320853	0.0477000559285374
TRINITY_DN2860_c0_g1_i2	50.6627741406856	8.88144256385712	2.11743943576301	4.19442578326059	2.73563700056266e-05	0.00502295969611932
TRINITY_DN3768_c0_g1_i5	559.898170229289	-2.65871517316926	0.494424464727779	-5.37739404669852	7.55716580347004e-08	0.000160960074448108
TRINITY_DN3922_c0_g1_i7	43.1805523249576	8.85356579884496	2.20598497721921	4.01342977865854	5.98428108669863e-05	0.00827657161464897
TRINITY_DN63820_c0_g1_i1	158.238207625574	-3.62538455818396	1.02453587135618	-3.53856283566238	0.00040231151767072	0.0287544732042573
TRINITY_DN682_c0_g1_i1	52.5367530110716	-6.18789254358196	1.75850541213981	-3.51883622357029	0.000433444195512429	0.0302686161318663
TRINITY_DN234_c0_g2_i1	34.5584893969052	8.54364748885596	2.35519213089622	3.62757983808515	0.000286090324731215	0.0227367083076498
TRINITY_DN76_c0_g1_i20	33.1091795714409	8.545399132397	2.38518465673352	3.58269918778524	0.000340062130902321	0.0256843380357749
TRINITY_DN21022_c0_g1_i1	35.0704716058275	8.48470673175843	2.34641684863486	3.61602702294556	0.00029915916001032	0.0233398935862997
TRINITY_DN6564_c0_g1_i1	63.5917687536124	9.28278663406086	2.00010500011188	4.64114965641384	3.46476066334345e-06	0.00150330179372389
TRINITY_DN769_c1_g1_i5	51.2539155114259	9.0103052540012	2.10595927622527	4.27848028958627	1.8817364918984e-05	0.00389117529523729
TRINITY_DN13529_c0_g1_i2	45.6623870859797	8.99764757839837	2.17060241166003	4.14523061895853	3.39471876113805e-05	0.00564875897605307
TRINITY_DN239_c15_g1_i3	530.407532470158	-1.69389559298713	0.501892221812665	-3.37501861827895	0.000738106971468524	0.0428305987529009
TRINITY_DN7233_c1_g1_i2	37.4571090478337	8.24883421869149	2.30988246583035	3.57110560416597	0.000355477521685059	0.0262892907443405
TRINITY_DN28126_c0_g1_i1	34.8765186277581	8.61081365565751	2.34736812255755	3.66828431080323	0.000244183565617081	0.0207205807333793
TRINITY_DN8534_c0_g1_i2	96.1839093625879	6.51548890275772	1.36108133928029	4.78699451290909	1.69297460847965e-06	0.001001629616278
TRINITY_DN6864_c0_g1_i8	33.8650340270736	8.48966471516987	2.36908668354044	3.583517975156	0.000338997423678313	0.0256843380357749
TRINITY_DN12600_c0_g1_i13	43.5005056645779	-8.87300752296223	2.19935069007045	-4.03437594696551	5.4747604180166e-05	0.0079521430363671
TRINITY_DN8294_c0_g1_i1	35.7767677522287	8.66133192872739	2.32875060962893	3.71930420239697	0.000199772337494621	0.0187442776048367
TRINITY_DN4596_c0_g1_i5	30.6644233024901	8.18552276688607	2.44983582266725	3.34125360203693	0.000834010063180385	0.045457473755506
TRINITY_DN1517_c1_g1_i3	56.5892450761535	-8.89987072674134	2.06078893803214	-4.31867163225356	1.56971125693173e-05	0.00359622962720909
TRINITY_DN713_c0_g1_i26	112.95775002274	-5.37112779982786	1.25368788924289	-4.28426233188829	1.83346481144992e-05	0.00386643237812592
TRINITY_DN14760_c0_g1_i2	43.9239269634301	8.94078440883465	2.19406809315678	4.07498036944279	4.60182287788307e-05	0.00705138312777206
TRINITY_DN5835_c0_g1_i10	29.8446506659894	-8.33486015305247	2.46508487210531	-3.38116559286417	0.000721790302774663	0.0425856278637051
TRINITY_DN1108_c0_g1_i1	42.3961798949667	8.90380174349758	2.21546700214605	4.01892771811667	5.84636013928121e-05	0.00813866827493795
TRINITY_DN13752_c0_g1_i1	36.8378106621447	8.5224230496199	2.31257447152142	3.68525345002752	0.000228475162924772	0.0200258950417066
TRINITY_DN7231_c0_g1_i14	36.9037680879835	8.17501564157507	2.32209859793156	3.52052908040041	0.000430686763449611	0.0301749913641884
TRINITY_DN10072_c0_g1_i2	29.5745014588066	8.3850328986599	2.47232783790548	3.39155381017898	0.000694975148348747	0.0418143380923163
TRINITY_DN351_c0_g1_i1	51.8564538210981	9.19104163890498	2.0979856048206	4.38088880008828	1.18196183929222e-05	0.00310797595247963
TRINITY_DN2520_c0_g1_i5	30.2558379708873	8.41935644125556	2.45393305696358	3.43096418924867	0.000601439992398579	0.0378996165624182
TRINITY_DN410_c0_g1_i9	31.622430294496	8.23421118339269	2.4258354230445	3.39438162423174	0.000687837692011729	0.0416200426197665
TRINITY_DN225_c0_g1_i18	40.8349126744698	8.42735618164024	2.25055525508987	3.74456755175457	0.000180704754285965	0.0179432318596275
TRINITY_DN332_c0_g2_i3	40.2448541819578	8.79926166587851	2.24894316006787	3.91262074654343	9.12998612828659e-05	0.0108597086507413
TRINITY_DN48389_c0_g2_i1	38.5680712263906	8.68785195749136	2.27895316354609	3.81221171916184	0.000137728821859359	0.0148155867514267
TRINITY_DN1667_c0_g1_i15	35.1118303567553	8.57556445343148	2.34356026279838	3.65920372928308	0.000253000151615485	0.020977893887444
TRINITY_DN2160_c2_g2_i14	141.508615979508	-7.02459841727913	1.23600757744035	-5.68329721070674	1.32122366247267e-08	3.80541954567387e-05
TRINITY_DN4738_c0_g1_i2	40.6491592547041	8.60538209476035	2.24815087408404	3.82776004669456	0.000129314730518186	0.0141972909551899
TRINITY_DN1470_c0_g1_i10	59.9574932703942	-7.91765895678432	1.9001652121597	-4.16682660334846	3.08869254035149e-05	0.00530034198018121
TRINITY_DN20770_c1_g1_i1	132.115761620261	5.31665199766315	1.21284925419796	4.38360495276799	1.1673137150643e-05	0.00310782685214432
TRINITY_DN37235_c0_g2_i2	5666.83155665635	-1.14279987719504	0.327431033411349	-3.49020025771151	0.00048265871890984	0.0328439234954016
TRINITY_DN19953_c0_g1_i1	34.6700858325284	8.61402588411775	2.35131265478959	3.66349658628813	0.000248795533624831	0.0209588129424702
TRINITY_DN1883_c0_g1_i30	40.3810492924921	8.83372781460668	2.24659176927656	3.93205741043522	8.4221944729098e-05	0.0103690358426882
TRINITY_DN5058_c1_g1_i5	69.6703197536605	9.55365777961654	1.9558673253587	4.88461443971638	1.03631439116649e-06	0.000736420277516782
TRINITY_DN2934_c0_g1_i12	32.8101059438249	-8.47508259455223	2.39138778103474	-3.54400179751905	0.00039410255853098	0.0284542047259368
TRINITY_DN28910_c0_g1_i4	43.2671891262604	8.7535180024699	2.20713664358064	3.96600637660071	7.30869078037287e-05	0.00921111271782022
TRINITY_DN11104_c0_g1_i2	30.4579905072605	8.26298706469967	2.4528646171219	3.36870898092824	0.000755211214931623	0.0432399023301845
TRINITY_DN17354_c0_g3_i1	40.6823184473282	8.78678195299142	2.2432899334999	3.9169176582015	8.96883659297751e-05	0.0108091117510053
TRINITY_DN286_c0_g2_i1	69.0428218096678	9.60134984002294	1.95841004971977	4.90262488256572	9.45644586624459e-07	0.000736420277516782
TRINITY_DN4189_c0_g1_i13	34.0999847966615	8.19331473957742	2.37358129692246	3.4518787075887	0.000556697917815011	0.036260272023064
TRINITY_DN2145_c2_g1_i3	33.626767183673	-8.4998697023054	2.37334637112729	-3.58138609926883	0.000341776134698044	0.025722579126974
TRINITY_DN2278_c0_g1_i12	35.9914001057621	8.62816525087126	2.32560615754194	3.71007155398609	0.000207200676716048	0.0192714725474896
TRINITY_DN793_c0_g1_i21	43.6351376257542	8.86082470726709	2.19829010586978	4.0307804159275	5.55919614642602e-05	0.0079521430363671
TRINITY_DN3485_c0_g1_i11	36.9576066560716	8.60099154045845	2.30857764560299	3.72566699536412	0.000194799435738663	0.0186779406076522
TRINITY_DN2365_c0_g1_i25	77.9083960250212	9.7292791444857	1.90925786670032	5.09584342386414	3.47192002323077e-07	0.000393511460209483
TRINITY_DN14733_c0_g1_i3	38.9395780659221	8.4485931367099	2.27910977176082	3.70697069592335	0.00020975320266278	0.0193399717035262
TRINITY_DN6024_c1_g1_i7	39.3235647226138	8.31895456207673	2.2771025722191	3.65330691009218	0.000258884484936977	0.0212076178641257
TRINITY_DN16951_c0_g1_i2	48.0201455942182	9.00733951276049	2.14256686769599	4.2039945863844	2.62245211773266e-05	0.00489578520532237
TRINITY_DN5457_c0_g2_i1	53.3881201890086	8.92988592382305	2.08984104910883	4.2729976653636	1.92862477019814e-05	0.0039497864404279
TRINITY_DN410_c0_g1_i12	42.6108122485001	8.90437130921929	2.21267583846537	4.024254775338	5.71560153018322e-05	0.00806202629081936
TRINITY_DN104441_c0_g1_i1	31.9115805915813	8.43119489751734	2.41439140810703	3.49205802721428	0.000479314106663103	0.0327208690955687
TRINITY_DN30747_c0_g1_i1	42.6603705577316	8.90787567451673	2.21189903240497	4.02725239444194	5.64324453134759e-05	0.00801303101821148
TRINITY_DN101360_c1_g1_i1	30.2144792199595	8.40460766059114	2.45570647903767	3.42248054982724	0.000620525372011843	0.0386836719495123
TRINITY_DN156_c1_g1_i7	38.5060330999988	8.52410943223933	2.28396137493624	3.73216006443073	0.000189844799017866	0.018463490293523
TRINITY_DN9349_c0_g1_i7	36.4909024975242	8.40709456839237	2.3218733089513	3.62082398552121	0.000293666257111633	0.0230940910767709
TRINITY_DN18645_c0_g1_i1	31.6060311778886	8.44073253772376	2.42123243638812	3.48613062127783	0.000490061651614537	0.0331359464055175
TRINITY_DN299_c0_g3_i2	72.7796524586752	9.57567676961378	1.93821330083424	4.94046592575351	7.79361121659677e-07	0.00066575666499637
TRINITY_DN670_c0_g1_i5	63.8894795684108	9.49807708450501	1.99280282848421	4.76619008601546	1.87742146799529e-06	0.00103679746919104
TRINITY_DN5443_c0_g1_i29	28.5794159747295	8.26530736303072	2.50069324576827	3.30520641706754	0.000949064749297148	0.0496661673102702
TRINITY_DN1433_c13_g1_i6	32.0684550775794	8.38007516691845	2.41195206191203	3.47439540745901	0.000512005929428767	0.034185624736374
TRINITY_DN20621_c0_g1_i3	32.4734820691445	8.34446939976435	2.40155146999105	3.47461609881525	0.000511584928945394	0.034185624736374
TRINITY_DN105895_c0_g1_i1	40.248773481405	8.7991508441832	2.24963767420532	3.91136356982086	9.1776494536524e-05	0.0108597086507413
TRINITY_DN15905_c0_g1_i2	37.775499238096	8.70147628710932	2.2911953170456	3.79778896298091	0.000145992536432615	0.0153177095245234
TRINITY_DN2847_c1_g1_i1	45.9843356162797	8.89959192998921	2.16885267838804	4.10336396688947	4.07185909012374e-05	0.00647212886272729
TRINITY_DN14376_c0_g1_i1	42.036791913186	8.86738936280951	2.22162143167537	3.99140431235506	6.56831901010339e-05	0.00891074054752816
TRINITY_DN8480_c0_g1_i5	31.4862351839617	8.38147059496505	2.42535176381179	3.45577524877973	0.00054871263876235	0.0358497867883414
TRINITY_DN113091_c0_g1_i1	72.697295916229	9.6746552183554	1.93640497836247	4.99619414660708	5.84727947393859e-07	0.000566096388706446
TRINITY_DN3059_c10_g1_i2	1450.85263976692	-1.65965285440426	0.412957320099933	-4.01894523628407	5.84592553001527e-05	0.00813866827493795
TRINITY_DN1988_c1_g1_i42	45.9101786321371	9.0149995673719	2.16713705535725	4.15986591391922	3.18434482458073e-05	0.00538280638244008
TRINITY_DN5692_c0_g1_i23	39.059374059849	8.56686277803208	2.27382744940424	3.76759581307574	0.000164827287040122	0.0168781557051325
TRINITY_DN1667_c0_g2_i2	60.0945300924588	9.40532643119896	2.02219529640691	4.65104752637424	3.30253201424066e-06	0.00150330179372389
TRINITY_DN379_c0_g1_i4	50.7458526019506	9.13006142176366	2.10971535115505	4.327627144944	1.50724339641454e-05	0.00356697523335926
TRINITY_DN16288_c0_g1_i16	44.3820706042644	8.71705772134976	2.19343519462334	3.97415786101976	7.06287091483479e-05	0.00917268826921136
TRINITY_DN7794_c3_g1_i4	34.1827022985171	8.5077413892519	2.36357714804385	3.59951922715664	0.000318806061419461	0.0244253607991838
TRINITY_DN67_c0_g1_i4	32.6093162202694	8.20133858696149	2.40470940150785	3.41053209249272	0.00064836253334547	0.0397967538839342
TRINITY_DN507_c1_g1_i14	30.9785332338959	8.43044937920551	2.43573902779242	3.46114640485367	0.000537880206452897	0.0354684536137469
TRINITY_DN1678_c0_g1_i5	78.6022123542622	9.77306021856737	1.90506523544234	5.13003966307649	2.89681135017248e-07	0.000390188331226517
TRINITY_DN18945_c0_g1_i1	59.4377922552891	9.31969435296504	2.02917741399276	4.5928435279727	4.3724690939883e-06	0.00172461517097883
TRINITY_DN11616_c0_g1_i1	55.6760019719612	9.25369201080349	2.06136554280885	4.48910773884105	7.15221191720257e-06	0.00231322584082802
TRINITY_DN17977_c0_g1_i1	49.2052647569177	9.0399450076385	2.12874843795032	4.24660088833356	2.17038073827156e-05	0.00426575649371405
TRINITY_DN4472_c1_g1_i3	220.526219440913	-3.79698833194014	0.740524932154058	-5.12742808117934	2.93727127817433e-07	0.000390188331226517
TRINITY_DN2924_c0_g1_i2	39.7200311964658	8.50409212092541	2.26515490703176	3.75430929448844	0.000173820124609345	0.0176294992097831
TRINITY_DN325_c1_g1_i15	162.511551089917	-3.66771744849867	0.937528977030139	-3.91211102628219	9.14928289668708e-05	0.0108597086507413
TRINITY_DN9696_c0_g1_i1	34.203381673981	8.54541865949299	2.36231294139359	3.61739484627799	0.000297583165443913	0.0233022935323158
TRINITY_DN7447_c0_g1_i1	34.6287270816006	8.58218656833631	2.3529292520739	3.64744777632897	0.00026485812192708	0.0215283406351736
TRINITY_DN2295_c0_g1_i16	36.5985796337003	8.68367698711552	2.31279317878819	3.75462755025308	0.000173599424951013	0.0176294992097831
TRINITY_DN8561_c2_g1_i1	30.7182618705782	8.42919336859296	2.44266794019005	3.45081426333254	0.00055889805782203	0.0362925906510714
TRINITY_DN12337_c0_g1_i1	29.0664385493314	8.26391919865081	2.48866324574558	3.32062572659365	0.00089815894837855	0.0478228212339252
TRINITY_DN1710_c2_g1_i20	42.9327607788001	8.81134006167168	2.21031701587868	3.98645985999834	6.70664676710967e-05	0.0089839540561427
TRINITY_DN24177_c0_g1_i1	30.685102677954	8.27053420509304	2.44710594310297	3.37972053412852	0.000725595687699451	0.0426918855036205
TRINITY_DN18049_c0_g1_i8	28.4264607881785	8.31170944459251	2.50509247488236	3.31792519754499	0.000906887678271095	0.0480492553718807
TRINITY_DN1470_c0_g1_i1	30.9122148486476	8.27800594371725	2.44141873341592	3.3906538974308	0.000697260943931872	0.0418336925205773
TRINITY_DN1919_c0_g1_i21	32.6424754128935	8.4644389490652	2.39721641836195	3.53094484262254	0.000414078086063843	0.0291070929210356
TRINITY_DN3598_c0_g1_i17	41.0456257285561	8.71074540427873	2.23958070808588	3.88945366997897	0.000100470146273513	0.0117577672828547
TRINITY_DN246_c0_g3_i1	55.3704525582685	9.25744861951747	2.06394478658134	4.48531795991076	7.2805282758032e-06	0.00231322584082802
TRINITY_DN4104_c1_g1_i3	33.2949329912067	8.51402111085873	2.38195218477277	3.5743879181483	0.000351048148176737	0.0261432675105466
TRINITY_DN1474_c0_g1_i3	39.8699472079036	-8.36721950328285	2.26470804101434	-3.69461288243374	0.000220222043551	0.0198934660335504
TRINITY_DN14170_c0_g1_i1	70.512811010596	9.61639870520796	1.94968115444213	4.93229299739502	8.12698872712598e-07	0.00066575666499637
TRINITY_DN6754_c0_g1_i2	47.586600628295	9.02276463378936	2.14715496097909	4.20219536911068	2.64338841547524e-05	0.00489578520532237
TRINITY_DN14532_c0_g1_i10	41.739442057797	8.83264919717969	2.22665711134422	3.9667756441617	7.28515106017216e-05	0.00921111271782022
TRINITY_DN793_c0_g1_i1	50.3404646509761	7.36250129575817	2.08501350089437	3.53115281632469	0.000413752631563272	0.0291070929210356
TRINITY_DN12088_c0_g1_i7	30.1321226775133	8.23313115421534	2.45952811461874	3.34744339992698	0.000815606410278928	0.045457473755506
TRINITY_DN1418_c0_g1_i1	42.6771306337484	8.81953971366272	2.21217689101515	3.98681486525045	6.69662386420173e-05	0.0089839540561427
TRINITY_DN17449_c0_g1_i1	43.4365434294188	8.83161577052359	2.2030068927008	4.00889157441372	6.10044165780201e-05	0.00836897168600497
TRINITY_DN2756_c0_g1_i1	34.3809355354431	8.5448412761802	2.35873968308368	3.62263005852735	0.000291622750743019	0.0230902340820653
TRINITY_DN8012_c0_g1_i2	30.1442415352641	8.37239815981073	2.45819970570708	3.40590642020376	0.000659447788505657	0.0403608576074195
TRINITY_DN246_c0_g2_i1	35.5867340736064	8.61982537858275	2.33342363768782	3.69406790921348	0.000220694821232042	0.0198934660335504
TRINITY_DN6216_c0_g1_i23	54.3999657491024	9.17211408747483	2.07446895716181	4.42142749632835	9.80509658713177e-06	0.00277727091471861
TRINITY_DN16439_c0_g1_i2	31.1022485272699	8.41560424126774	2.43368870195511	3.45796248900159	0.00054427716028256	0.0357795038174637
TRINITY_DN14658_c0_g1_i1	52.3559562128602	9.13039053521284	2.09451039769393	4.35920038652731	1.30538540740514e-05	0.00334980768582193
TRINITY_DN5143_c0_g1_i16	35.1449895493795	8.63622264998651	2.34118674973692	3.68882262423404	0.000225294212200658	0.0199939226069242
TRINITY_DN33929_c2_g2_i2	42.4549982001615	7.56324170261279	2.10296044629004	3.59647358843842	0.000322560317333373	0.0246244164834534
TRINITY_DN527_c14_g1_i2	34.0629063045902	8.4306940586373	2.36780305442492	3.56055544521835	0.00037007115731336	0.0271798123435078
TRINITY_DN16462_c0_g2_i13	36.1400750334566	8.64763114290454	2.32241059860592	3.72355824938771	0.000196434513174989	0.0186779406076522
TRINITY_DN20215_c0_g1_i1	40.4965650275624	8.82431237988678	2.24527453987991	3.93017077562317	8.48855497085859e-05	0.0103906742715125
TRINITY_DN20632_c0_g1_i1	31.081569151806	8.37667748895325	2.43505339919636	3.44003851895725	0.000581631401473465	0.037379660418047
TRINITY_DN2394_c1_g1_i3	30.6769031196504	8.37068254364988	2.44499851295176	3.42359412462148	0.000617988460122073	0.0386836719495123
TRINITY_DN7324_c0_g1_i1	34.82268005967	8.41149621467399	2.3530777221416	3.57467844581796	0.000350658587726304	0.0261432675105466
TRINITY_DN13106_c0_g1_i1	48.3010963329999	9.09207891725209	2.13743860413715	4.25372635249208	2.10242207143348e-05	0.00422447997164733
TRINITY_DN2530_c0_g1_i5	67.0070118317292	9.54925271444095	1.97184076165971	4.84281129598075	1.28014853371912e-06	0.000841814961508602
TRINITY_DN4589_c0_g2_i1	28.376902478947	8.30494986153308	2.50662814170121	3.31319581208269	0.000922363791906051	0.0486272930787301
TRINITY_DN894_c0_g1_i35	51.3483909116229	9.09806923040646	2.10514990233432	4.32181538251408	1.54750651553025e-05	0.00359622962720909
TRINITY_DN2571_c0_g1_i4	46.1287302851176	8.65823055569841	2.17343236668765	3.9836668894803	6.78599765447842e-05	0.00903343525267099
TRINITY_DN15481_c0_g1_i1	51.0510410562339	9.05390158399537	2.10913474667547	4.29270894060543	1.7650632050415e-05	0.00375940812041788
TRINITY_DN108947_c0_g1_i1	34.7774020092951	8.60033780679674	2.34956793782926	3.66039120143192	0.000251830468683407	0.020977893887444
TRINITY_DN4549_c0_g1_i2	47.0578583433559	8.75772324883806	2.1598135998827	4.05485142297172	5.01661788777628e-05	0.00747195415326902
TRINITY_DN2216_c0_g1_i4	316.964282715421	3.95653049499032	1.17206200181831	3.37570067867762	0.000736279742333447	0.0428305987529009
TRINITY_DN83977_c0_g1_i3	5907.49725930656	1.65898816085186	0.288477213199822	5.75084646184069	8.87977309688835e-09	3.15217145317708e-05
TRINITY_DN5443_c0_g1_i18	45.976136057976	8.9588228575501	2.16761686668817	4.13302876316791	3.58013902443177e-05	0.0058656446985671
TRINITY_DN19460_c0_g1_i1	31.6844684208877	8.42309599455358	2.41981046515726	3.48089080357216	0.000499749185876111	0.0336840440189091
TRINITY_DN476_c0_g1_i1	36.6520572423789	8.61672386845627	2.31371748860361	3.72419014460435	0.00019594320665655	0.0186779406076522
TRINITY_DN1469_c0_g1_i10	37.6432234270089	8.73262784575439	2.29352808785076	3.80750856813688	0.000140373877074219	0.0150242372251447
TRINITY_DN9522_c0_g1_i23	34.5061522392456	-8.39897284743153	2.35602339867957	-3.56489364754982	0.000364003758074163	0.0268266991114934
TRINITY_DN13034_c0_g1_i22	41.4050137103368	8.85212973011085	2.23109172244114	3.96762250564281	7.2593198833981e-05	0.00921111271782022
TRINITY_DN6978_c0_g1_i27	62.9311116169956	9.31068427120495	2.00391409699483	4.64624920058586	3.38024638843203e-06	0.00150330179372389
TRINITY_DN1470_c0_g1_i7	47.1036040816291	-8.99708117272115	2.15150783317486	-4.18175617768709	2.89266082890207e-05	0.00517944956622459
TRINITY_DN3766_c0_g1_i18	854.787268553426	-2.43678684500102	0.429780742490718	-5.66983720787267	1.42933266188042e-08	3.80541954567387e-05
TRINITY_DN932_c1_g1_i21	81.0083872288727	-4.76107071857279	1.41253845473267	-3.37057777267652	0.000750107292809145	0.0431548873792652
TRINITY_DN20212_c0_g1_i1	33.707798581666	8.44362173780032	2.37482426074276	3.55547224162155	0.000377300780496317	0.0276155646865672
TRINITY_DN5952_c0_g1_i3	35.0087944388452	8.60915367006112	2.34424214300969	3.67246775071116	0.000240219473836032	0.0205479300129865
TRINITY_DN13897_c0_g1_i1	29.5124633324149	8.35301657804835	2.47486698915533	3.37513757896914	0.000737787974707055	0.0428305987529009
TRINITY_DN713_c0_g1_i19	35.6733708749092	8.53492146898813	2.33367264171425	3.65729165111976	0.000254894298274842	0.0210426110812243
TRINITY_DN11884_c0_g1_i1	50.9686845137877	9.17186119068313	2.10717229099169	4.35268688274494	1.34479151969821e-05	0.00336973112682966
TRINITY_DN90_c1_g1_i7	48.6194865232622	8.69862797161375	2.14006739860826	4.06465141110542	4.81043028365248e-05	0.007266479050462
TRINITY_DN1237_c0_g1_i22	31.3297216573729	8.04010799560306	2.43416769463495	3.3030214037118	0.00095649086899013	0.049932105437796
TRINITY_DN3042_c0_g1_i3	30.9535735995754	8.38887537358737	2.43786778685828	3.44107068431232	0.000579417148018584	0.037379660418047
TRINITY_DN1961_c0_g1_i22	36.928727722304	8.63246204053167	2.3083945818235	3.73959552171211	0.000184316598203129	0.0180910563369975
TRINITY_DN64_c0_g1_i35	53.2795326041809	-8.45743747825599	2.09829769904741	-4.03061847806226	5.56302789998919e-05	0.0079521430363671
TRINITY_DN6197_c0_g1_i2	31.700867537495	8.17509857607487	2.42574317219748	3.37014184756792	0.000751294990315049	0.0431548873792652
TRINITY_DN15144_c0_g1_i9	49.4964060689329	-7.70981624901793	2.02088333726387	-3.81507240267341	0.000136143010386699	0.0147944386644199
TRINITY_DN752_c0_g1_i18	32.9687042020501	8.48997433596003	2.38949811844162	3.55303662741405	0.00038081143846374	0.0277574465244216
TRINITY_DN6514_c0_g1_i1	37.0442434573743	8.45564541221992	2.31067259172814	3.65938707304958	0.000252819222482646	0.020977893887444
TRINITY_DN6571_c0_g1_i1	55.4488898012676	9.24892829895686	2.06344699642157	4.4822708385514	7.38529307367977e-06	0.00231322584082802
TRINITY_DN108285_c0_g1_i1	28.7940483282629	8.34716697744287	2.49386594657409	3.34707925616838	0.000816678573420625	0.045457473755506
TRINITY_DN57501_c0_g1_i2	78.4616795205026	5.32614066296901	1.43173487205763	3.72006072277508	0.000199174884929681	0.0187442776048367
TRINITY_DN20103_c0_g1_i1	28.8806851295656	8.33152775812531	2.4921700604913	3.34308155378564	0.000828535462380081	0.045457473755506
TRINITY_DN46552_c0_g1_i4	30.6480241858828	8.39823993031137	2.44508749857436	3.43474003904076	0.0005931225152474	0.0375979656317094
TRINITY_DN1430_c0_g1_i1	56.855486190672	7.78883717847087	1.86437775601023	4.17771406752835	2.94453491439645e-05	0.00517944956622459
TRINITY_DN4_c0_g1_i32	43.6144582502903	8.88965011468534	2.19824438196262	4.04397717907439	5.25520367330892e-05	0.00777295715540324
TRINITY_DN11719_c0_g1_i4	40.4427264594744	8.663853767038	2.2497577574102	3.85101628764306	0.000117628674569323	0.0132559425378413
TRINITY_DN11898_c1_g1_i8	31.1186476438773	8.19962448386258	2.438559402839	3.36248707918145	0.000772437409085225	0.0437557031279421
TRINITY_DN8869_c0_g1_i3	28.6824518926396	8.3006503337824	2.49826118484425	3.3225710682848	0.000891919478710049	0.0477000559285374
TRINITY_DN10621_c0_g1_i1	34.0917852383578	8.37542320099822	2.36860774637453	3.53601106549531	0.00040621767795082	0.0289365562631254
TRINITY_DN1396_c0_g1_i5	46.372602531828	9.00442142711167	2.16181745983238	4.16520894775724	3.11067537218955e-05	0.00530034198018121
TRINITY_DN27209_c0_g1_i1	51.0018437064118	9.1513753569686	2.10683452298757	4.34366119271276	1.40127572910929e-05	0.00343054847750561
TRINITY_DN1988_c1_g1_i12	58.6198996732646	8.86692717787068	2.04807097622113	4.32940424468635	1.49513262733624e-05	0.00356697523335926
TRINITY_DN2990_c0_g1_i15	34.2240610494449	8.57244901371372	2.3612989849227	3.63039541728951	0.000282987352793013	0.0225743356821663
TRINITY_DN104405_c3_g1_i1	14940.5152842109	-1.20988525033392	0.260928193483876	-4.63685136580952	3.53756602055912e-06	0.00150330179372389
TRINITY_DN4517_c0_g1_i3	40.7486368325765	8.81761523603654	2.24086721160919	3.93491197977078	8.3227192011009e-05	0.0103061393176888
TRINITY_DN1678_c0_g1_i13	44.1510391341237	8.94726777926219	2.19093808859703	4.08376111850407	4.43125842547e-05	0.00683922994232504
TRINITY_DN14_c0_g1_i12	70.3926540572596	9.23004695458079	1.96022359039704	4.70867048014213	2.49337777036497e-06	0.00123503379374427
TRINITY_DN1726_c0_g2_i1	36.6110594508605	8.61542209710881	2.31318859420939	3.7244788940581	0.000195719084883195	0.0186779406076522
TRINITY_DN4615_c1_g1_i1	32.4028834250397	8.29335165622192	2.40660318705338	3.44608188871229	0.000568777975047884	0.03682189085272
TRINITY_DN70_c0_g1_i13	340.037899884229	-1.98900440535002	0.599108576417009	-3.31993979663141	0.0009003686236351	0.0478228212339252
TRINITY_DN16442_c0_g1_i11	53.91330413391	8.984772605457	2.08048526126009	4.31859469170918	1.57025848786537e-05	0.00359622962720909
TRINITY_DN10840_c0_g1_i2	82.9712755990985	-9.80033756638069	1.88392164454129	-5.20209404397332	1.97055459254686e-07	0.00038155311151505
TRINITY_DN644_c0_g1_i1	51.4557070883896	9.05492967515588	2.10505184727397	4.30152335054454	1.69627894490867e-05	0.00372480536365752
TRINITY_DN4979_c0_g1_i1	30.8626565394161	8.26139133162497	2.44302816091224	3.38161936231636	0.000720599187054766	0.0425856278637051
TRINITY_DN7420_c0_g1_i11	47.3152847128701	-8.9959471043221	2.14904035473393	-4.18602986421623	2.83876014975431e-05	0.00516775661791599
TRINITY_DN4232_c0_g1_i18	57.1709508072098	9.33428142048915	2.04684693496306	4.56032215259791	5.10752038530755e-06	0.00184381485909603
TRINITY_DN14262_c0_g1_i1	30.804898671881	8.35757639185403	2.44215894305584	3.42220821278582	0.000621147274836059	0.0386836719495123
TRINITY_DN4988_c0_g1_i14	45.1012075272352	8.68604210565305	2.18188693046565	3.98097719197543	6.86325352516759e-05	0.00903821121388325
TRINITY_DN1901_c0_g1_i22	30.9742529750394	8.42230886657073	2.43661978715699	3.45655440826808	0.000547128743731353	0.0358497867883414
TRINITY_DN116289_c0_g1_i1	54.2969298311923	9.261505654313	2.07330972294323	4.46701501074598	7.93185662909449e-06	0.00241397237035406
TRINITY_DN8440_c0_g1_i1	58.0915183477349	9.18581705243784	2.04281702140028	4.49664211537716	6.90350426580864e-06	0.00231322584082802
TRINITY_DN2601_c0_g1_i1	38.3202796802331	8.63940743464576	2.28416826542203	3.78229903874858	0.000155386530250907	0.016144281501532
TRINITY_DN1070_c0_g1_i3	35.6612520171584	8.62478921128418	2.33115876534563	3.69978627775077	0.000215781108752283	0.01981000791084
TRINITY_DN9157_c1_g1_i1	52.9424563653345	9.21658456615991	2.08694609883103	4.41630216100093	1.00403709297776e-05	0.00277727091471861
TRINITY_DN5291_c0_g1_i1	46.2570867967576	9.03209184967116	2.16241403013476	4.17685592296508	2.9556610505198e-05	0.00517944956622459
TRINITY_DN11222_c0_g1_i1	37.7669387203829	8.60470467689454	2.29434347999711	3.75039951598937	0.000176553046123701	0.0177833420937362
TRINITY_DN2688_c0_g1_i6	36.309429336615	8.67793644950465	2.31855692803933	3.74281793324052	0.00018196807745338	0.0179432318596275
TRINITY_DN10564_c0_g1_i1	29.5413422661825	8.32779514204221	2.47468301374945	3.36519671237592	0.000764891057556124	0.0435359840614505
TRINITY_DN862_c0_g1_i6	29.4629050231834	8.34523692011758	2.47633638517493	3.36999325700578	0.000751700230889122	0.0431548873792652
TRINITY_DN25474_c0_g1_i3	37.594725555437	7.3989868711703	2.17445868373755	3.40267990673091	0.00066728407203407	0.0407234482815291
TRINITY_DN2557_c0_g1_i7	46.0132145500473	8.86574978491167	2.16929688714794	4.08692320421288	4.37131733792317e-05	0.00679596262630844
TRINITY_DN726_c0_g1_i3	76.438406824093	9.72498889780485	1.91634494155426	5.07475908273453	3.87987260641305e-07	0.000393511460209483
TRINITY_DN1545_c0_g1_i24	39.4187620416297	8.7608451654906	2.26349600820539	3.87049287196959	0.000108615533103786	0.0124376464493416
TRINITY_DN4435_c0_g1_i7	114.101274280543	5.28476908669847	1.37967894655987	3.83043395702721	0.000127917463754682	0.0141166531632693
TRINITY_DN2195_c1_g1_i1	29.545622525039	8.37398464414374	2.47313554271325	3.38597885134785	0.000709248493369221	0.0423145200567816
TRINITY_DN2756_c0_g1_i4	63.4184951510069	9.42162167814399	1.99801872850918	4.71548216426075	2.41139017538616e-06	0.00122286188917976
TRINITY_DN10685_c0_g2_i1	78.3048624988732	9.75604760349575	1.90682109813831	5.11639377864073	3.11432538187276e-07	0.000390188331226517
TRINITY_DN9764_c0_g1_i17	31.7133473546553	8.38927018739608	2.41988499084957	3.46680533129418	0.000526683178355707	0.034837965887572
TRINITY_DN14_c0_g1_i16	34.4222942863709	8.59403678683794	2.35678769978719	3.64650442957334	0.000265831897603204	0.0215283406351736
TRINITY_DN647_c0_g1_i9	65.2970696835378	9.13764825777709	1.99296303479721	4.58495621756823	4.54081576400666e-06	0.00172705062424246
TRINITY_DN3819_c1_g1_i24	50.6413774374631	-9.07666650861001	2.11066078470586	-4.30039093651656	1.70497066217695e-05	0.00372480536365752
TRINITY_DN23911_c0_g1_i1	34.4718525956024	8.59863649877171	2.35567936964489	3.65017268885279	0.000262064061171782	0.0213858330992252
TRINITY_DN30373_c0_g1_i1	32.7993498988917	8.41492053614927	2.39487372585596	3.51372201602891	0.000441874975945878	0.0307565199760499
TRINITY_DN2394_c1_g1_i7	54.8787887654007	8.92708708924332	2.07643330352161	4.29924095038499	1.71384067626854e-05	0.00372480536365752
TRINITY_DN525_c0_g2_i13	45.2883870796447	6.107327812679	1.83791766044474	3.32296051347652	0.000890675212954657	0.0477000559285374
TRINITY_DN1745_c0_g1_i2	75.8027093217966	9.74393838689963	1.91877739657677	5.07820156954292	3.8102433800426e-07	0.000393511460209483
